000000000018 160.0 -150.0 
000000000015 -210.0 80.0 
000000000014 90.0 -80.0 
000000000013 -90.0 290.0 
000000000012 290.0 270.0 
000000000011 -30.0 310.0 
000000000010 -70.0 -90.0 
00000000000d 160.0 200.0 
00000000000e -110.0 80.0 
00000000000f -130.0 130.0 
00000000000a 170.0 290.0 
00000000000b 110.0 250.0 
00000000000c -120.0 -150.0 
000000000020 170.0 -20.0 
000000000008 -200.0 -90.0 
000000000009 150.0 110.0 
000000000004 -140.0 -30.0 
000000000005 240.0 210.0 
000000000006 -30.0 100.0 
000000000007 140.0 250.0 
000000000001 240.0 180.0 
000000000002 30.0 300.0 
000000000003 30.0 120.0 
00000000001c 230.0 -80.0 
